{
 "cells": [
  {
   "cell_type": "code",
   "execution_count": 26,
   "metadata": {},
   "outputs": [
    {
     "data": {
      "text/html": [
       "<div>\n",
       "<style>\n",
       "    .dataframe thead tr:only-child th {\n",
       "        text-align: right;\n",
       "    }\n",
       "\n",
       "    .dataframe thead th {\n",
       "        text-align: left;\n",
       "    }\n",
       "\n",
       "    .dataframe tbody tr th {\n",
       "        vertical-align: top;\n",
       "    }\n",
       "</style>\n",
       "<table border=\"1\" class=\"dataframe\">\n",
       "  <thead>\n",
       "    <tr style=\"text-align: right;\">\n",
       "      <th></th>\n",
       "      <th>MSSubClass</th>\n",
       "      <th>Neighborhood</th>\n",
       "      <th>OverallQual</th>\n",
       "      <th>YearBuilt</th>\n",
       "      <th>YearRemodAdd</th>\n",
       "      <th>MasVnrType</th>\n",
       "      <th>MasVnrArea</th>\n",
       "      <th>ExterQual</th>\n",
       "      <th>Foundation</th>\n",
       "      <th>BsmtQual</th>\n",
       "      <th>...</th>\n",
       "      <th>FullBath</th>\n",
       "      <th>KitchenQual</th>\n",
       "      <th>TotRmsAbvGrd</th>\n",
       "      <th>Fireplaces</th>\n",
       "      <th>GarageType</th>\n",
       "      <th>GarageYrBlt</th>\n",
       "      <th>GarageFinish</th>\n",
       "      <th>GarageCars</th>\n",
       "      <th>GarageArea</th>\n",
       "      <th>SalePrice</th>\n",
       "    </tr>\n",
       "  </thead>\n",
       "  <tbody>\n",
       "    <tr>\n",
       "      <th>MSSubClass</th>\n",
       "      <td>1.000000</td>\n",
       "      <td>0.532233</td>\n",
       "      <td>0.471136</td>\n",
       "      <td>0.572252</td>\n",
       "      <td>0.415910</td>\n",
       "      <td>0.246813</td>\n",
       "      <td>0.212010</td>\n",
       "      <td>0.393934</td>\n",
       "      <td>0.445768</td>\n",
       "      <td>0.423389</td>\n",
       "      <td>...</td>\n",
       "      <td>0.329673</td>\n",
       "      <td>0.391700</td>\n",
       "      <td>0.253413</td>\n",
       "      <td>0.283353</td>\n",
       "      <td>0.510706</td>\n",
       "      <td>0.408647</td>\n",
       "      <td>0.438262</td>\n",
       "      <td>0.397369</td>\n",
       "      <td>0.387789</td>\n",
       "      <td>0.476982</td>\n",
       "    </tr>\n",
       "    <tr>\n",
       "      <th>Neighborhood</th>\n",
       "      <td>0.532233</td>\n",
       "      <td>1.000000</td>\n",
       "      <td>0.667647</td>\n",
       "      <td>0.683095</td>\n",
       "      <td>0.521638</td>\n",
       "      <td>0.400196</td>\n",
       "      <td>0.368029</td>\n",
       "      <td>0.631870</td>\n",
       "      <td>0.576118</td>\n",
       "      <td>0.629227</td>\n",
       "      <td>...</td>\n",
       "      <td>0.513701</td>\n",
       "      <td>0.566358</td>\n",
       "      <td>0.282979</td>\n",
       "      <td>0.315569</td>\n",
       "      <td>0.456575</td>\n",
       "      <td>0.579489</td>\n",
       "      <td>0.466576</td>\n",
       "      <td>0.585252</td>\n",
       "      <td>0.529629</td>\n",
       "      <td>0.696882</td>\n",
       "    </tr>\n",
       "    <tr>\n",
       "      <th>OverallQual</th>\n",
       "      <td>0.471136</td>\n",
       "      <td>0.667647</td>\n",
       "      <td>1.000000</td>\n",
       "      <td>0.665203</td>\n",
       "      <td>0.552825</td>\n",
       "      <td>0.449358</td>\n",
       "      <td>0.410238</td>\n",
       "      <td>0.726278</td>\n",
       "      <td>0.568969</td>\n",
       "      <td>0.644946</td>\n",
       "      <td>...</td>\n",
       "      <td>0.552153</td>\n",
       "      <td>0.673331</td>\n",
       "      <td>0.423438</td>\n",
       "      <td>0.396765</td>\n",
       "      <td>0.420713</td>\n",
       "      <td>0.574261</td>\n",
       "      <td>0.491404</td>\n",
       "      <td>0.628715</td>\n",
       "      <td>0.562022</td>\n",
       "      <td>0.790982</td>\n",
       "    </tr>\n",
       "    <tr>\n",
       "      <th>YearBuilt</th>\n",
       "      <td>0.572252</td>\n",
       "      <td>0.683095</td>\n",
       "      <td>0.665203</td>\n",
       "      <td>1.000000</td>\n",
       "      <td>0.652419</td>\n",
       "      <td>0.420443</td>\n",
       "      <td>0.298983</td>\n",
       "      <td>0.638206</td>\n",
       "      <td>0.699337</td>\n",
       "      <td>0.707715</td>\n",
       "      <td>...</td>\n",
       "      <td>0.555510</td>\n",
       "      <td>0.575836</td>\n",
       "      <td>0.246057</td>\n",
       "      <td>0.214032</td>\n",
       "      <td>0.519992</td>\n",
       "      <td>0.768672</td>\n",
       "      <td>0.554784</td>\n",
       "      <td>0.570728</td>\n",
       "      <td>0.523139</td>\n",
       "      <td>0.619545</td>\n",
       "    </tr>\n",
       "    <tr>\n",
       "      <th>YearRemodAdd</th>\n",
       "      <td>0.415910</td>\n",
       "      <td>0.521638</td>\n",
       "      <td>0.552825</td>\n",
       "      <td>0.652419</td>\n",
       "      <td>1.000000</td>\n",
       "      <td>0.310870</td>\n",
       "      <td>0.193044</td>\n",
       "      <td>0.570870</td>\n",
       "      <td>0.551916</td>\n",
       "      <td>0.545541</td>\n",
       "      <td>...</td>\n",
       "      <td>0.452501</td>\n",
       "      <td>0.611669</td>\n",
       "      <td>0.217923</td>\n",
       "      <td>0.162493</td>\n",
       "      <td>0.387933</td>\n",
       "      <td>0.617250</td>\n",
       "      <td>0.446760</td>\n",
       "      <td>0.433995</td>\n",
       "      <td>0.390554</td>\n",
       "      <td>0.535370</td>\n",
       "    </tr>\n",
       "    <tr>\n",
       "      <th>MasVnrType</th>\n",
       "      <td>0.246813</td>\n",
       "      <td>0.400196</td>\n",
       "      <td>0.449358</td>\n",
       "      <td>0.420443</td>\n",
       "      <td>0.310870</td>\n",
       "      <td>1.000000</td>\n",
       "      <td>0.579165</td>\n",
       "      <td>0.415825</td>\n",
       "      <td>0.310319</td>\n",
       "      <td>0.393052</td>\n",
       "      <td>...</td>\n",
       "      <td>0.305025</td>\n",
       "      <td>0.362377</td>\n",
       "      <td>0.194912</td>\n",
       "      <td>0.199416</td>\n",
       "      <td>0.315218</td>\n",
       "      <td>0.343755</td>\n",
       "      <td>0.323321</td>\n",
       "      <td>0.429343</td>\n",
       "      <td>0.380290</td>\n",
       "      <td>0.426997</td>\n",
       "    </tr>\n",
       "    <tr>\n",
       "      <th>MasVnrArea</th>\n",
       "      <td>0.212010</td>\n",
       "      <td>0.368029</td>\n",
       "      <td>0.410238</td>\n",
       "      <td>0.298983</td>\n",
       "      <td>0.193044</td>\n",
       "      <td>0.579165</td>\n",
       "      <td>1.000000</td>\n",
       "      <td>0.349637</td>\n",
       "      <td>0.209916</td>\n",
       "      <td>0.314065</td>\n",
       "      <td>...</td>\n",
       "      <td>0.266274</td>\n",
       "      <td>0.285190</td>\n",
       "      <td>0.280041</td>\n",
       "      <td>0.247906</td>\n",
       "      <td>0.221484</td>\n",
       "      <td>0.229848</td>\n",
       "      <td>0.251678</td>\n",
       "      <td>0.404375</td>\n",
       "      <td>0.372567</td>\n",
       "      <td>0.475241</td>\n",
       "    </tr>\n",
       "    <tr>\n",
       "      <th>ExterQual</th>\n",
       "      <td>0.393934</td>\n",
       "      <td>0.631870</td>\n",
       "      <td>0.726278</td>\n",
       "      <td>0.638206</td>\n",
       "      <td>0.570870</td>\n",
       "      <td>0.415825</td>\n",
       "      <td>0.349637</td>\n",
       "      <td>1.000000</td>\n",
       "      <td>0.597832</td>\n",
       "      <td>0.638241</td>\n",
       "      <td>...</td>\n",
       "      <td>0.497192</td>\n",
       "      <td>0.716122</td>\n",
       "      <td>0.308004</td>\n",
       "      <td>0.249335</td>\n",
       "      <td>0.378696</td>\n",
       "      <td>0.590883</td>\n",
       "      <td>0.482143</td>\n",
       "      <td>0.557218</td>\n",
       "      <td>0.495778</td>\n",
       "      <td>0.682639</td>\n",
       "    </tr>\n",
       "    <tr>\n",
       "      <th>Foundation</th>\n",
       "      <td>0.445768</td>\n",
       "      <td>0.576118</td>\n",
       "      <td>0.568969</td>\n",
       "      <td>0.699337</td>\n",
       "      <td>0.551916</td>\n",
       "      <td>0.310319</td>\n",
       "      <td>0.209916</td>\n",
       "      <td>0.597832</td>\n",
       "      <td>1.000000</td>\n",
       "      <td>0.621976</td>\n",
       "      <td>...</td>\n",
       "      <td>0.462312</td>\n",
       "      <td>0.533146</td>\n",
       "      <td>0.180213</td>\n",
       "      <td>0.113338</td>\n",
       "      <td>0.401139</td>\n",
       "      <td>0.644742</td>\n",
       "      <td>0.487728</td>\n",
       "      <td>0.458128</td>\n",
       "      <td>0.398155</td>\n",
       "      <td>0.505503</td>\n",
       "    </tr>\n",
       "    <tr>\n",
       "      <th>BsmtQual</th>\n",
       "      <td>0.423389</td>\n",
       "      <td>0.629227</td>\n",
       "      <td>0.644946</td>\n",
       "      <td>0.707715</td>\n",
       "      <td>0.545541</td>\n",
       "      <td>0.393052</td>\n",
       "      <td>0.314065</td>\n",
       "      <td>0.638241</td>\n",
       "      <td>0.621976</td>\n",
       "      <td>1.000000</td>\n",
       "      <td>...</td>\n",
       "      <td>0.523471</td>\n",
       "      <td>0.562345</td>\n",
       "      <td>0.238832</td>\n",
       "      <td>0.227714</td>\n",
       "      <td>0.424760</td>\n",
       "      <td>0.642954</td>\n",
       "      <td>0.525068</td>\n",
       "      <td>0.545306</td>\n",
       "      <td>0.458693</td>\n",
       "      <td>0.635361</td>\n",
       "    </tr>\n",
       "    <tr>\n",
       "      <th>TotalBsmtSF</th>\n",
       "      <td>0.291599</td>\n",
       "      <td>0.456092</td>\n",
       "      <td>0.537808</td>\n",
       "      <td>0.434021</td>\n",
       "      <td>0.328112</td>\n",
       "      <td>0.374961</td>\n",
       "      <td>0.362452</td>\n",
       "      <td>0.470580</td>\n",
       "      <td>0.357950</td>\n",
       "      <td>0.410438</td>\n",
       "      <td>...</td>\n",
       "      <td>0.328368</td>\n",
       "      <td>0.432630</td>\n",
       "      <td>0.265278</td>\n",
       "      <td>0.339519</td>\n",
       "      <td>0.323174</td>\n",
       "      <td>0.337550</td>\n",
       "      <td>0.335570</td>\n",
       "      <td>0.471133</td>\n",
       "      <td>0.486665</td>\n",
       "      <td>0.613581</td>\n",
       "    </tr>\n",
       "    <tr>\n",
       "      <th>HeatingQC</th>\n",
       "      <td>0.305789</td>\n",
       "      <td>0.420371</td>\n",
       "      <td>0.457083</td>\n",
       "      <td>0.479935</td>\n",
       "      <td>0.519679</td>\n",
       "      <td>0.245128</td>\n",
       "      <td>0.159256</td>\n",
       "      <td>0.520027</td>\n",
       "      <td>0.519447</td>\n",
       "      <td>0.410107</td>\n",
       "      <td>...</td>\n",
       "      <td>0.342358</td>\n",
       "      <td>0.504228</td>\n",
       "      <td>0.159916</td>\n",
       "      <td>0.129689</td>\n",
       "      <td>0.276766</td>\n",
       "      <td>0.476886</td>\n",
       "      <td>0.376344</td>\n",
       "      <td>0.337794</td>\n",
       "      <td>0.295462</td>\n",
       "      <td>0.427649</td>\n",
       "    </tr>\n",
       "    <tr>\n",
       "      <th>1stFlrSF</th>\n",
       "      <td>0.237884</td>\n",
       "      <td>0.405290</td>\n",
       "      <td>0.476224</td>\n",
       "      <td>0.349924</td>\n",
       "      <td>0.295100</td>\n",
       "      <td>0.343786</td>\n",
       "      <td>0.342160</td>\n",
       "      <td>0.397835</td>\n",
       "      <td>0.208966</td>\n",
       "      <td>0.362984</td>\n",
       "      <td>...</td>\n",
       "      <td>0.383710</td>\n",
       "      <td>0.387027</td>\n",
       "      <td>0.392750</td>\n",
       "      <td>0.410531</td>\n",
       "      <td>0.305210</td>\n",
       "      <td>0.251468</td>\n",
       "      <td>0.296095</td>\n",
       "      <td>0.464177</td>\n",
       "      <td>0.489782</td>\n",
       "      <td>0.605852</td>\n",
       "    </tr>\n",
       "    <tr>\n",
       "      <th>GrLivArea</th>\n",
       "      <td>0.347673</td>\n",
       "      <td>0.411751</td>\n",
       "      <td>0.593007</td>\n",
       "      <td>0.369635</td>\n",
       "      <td>0.325158</td>\n",
       "      <td>0.248026</td>\n",
       "      <td>0.389893</td>\n",
       "      <td>0.435986</td>\n",
       "      <td>0.282314</td>\n",
       "      <td>0.369656</td>\n",
       "      <td>...</td>\n",
       "      <td>0.613537</td>\n",
       "      <td>0.420563</td>\n",
       "      <td>0.809778</td>\n",
       "      <td>0.461679</td>\n",
       "      <td>0.292680</td>\n",
       "      <td>0.310591</td>\n",
       "      <td>0.319453</td>\n",
       "      <td>0.490960</td>\n",
       "      <td>0.468997</td>\n",
       "      <td>0.708624</td>\n",
       "    </tr>\n",
       "    <tr>\n",
       "      <th>FullBath</th>\n",
       "      <td>0.329673</td>\n",
       "      <td>0.513701</td>\n",
       "      <td>0.552153</td>\n",
       "      <td>0.555510</td>\n",
       "      <td>0.452501</td>\n",
       "      <td>0.305025</td>\n",
       "      <td>0.266274</td>\n",
       "      <td>0.497192</td>\n",
       "      <td>0.462312</td>\n",
       "      <td>0.523471</td>\n",
       "      <td>...</td>\n",
       "      <td>1.000000</td>\n",
       "      <td>0.439960</td>\n",
       "      <td>0.522919</td>\n",
       "      <td>0.244451</td>\n",
       "      <td>0.364099</td>\n",
       "      <td>0.497623</td>\n",
       "      <td>0.420880</td>\n",
       "      <td>0.476583</td>\n",
       "      <td>0.416933</td>\n",
       "      <td>0.553851</td>\n",
       "    </tr>\n",
       "    <tr>\n",
       "      <th>KitchenQual</th>\n",
       "      <td>0.391700</td>\n",
       "      <td>0.566358</td>\n",
       "      <td>0.673331</td>\n",
       "      <td>0.575836</td>\n",
       "      <td>0.611669</td>\n",
       "      <td>0.362377</td>\n",
       "      <td>0.285190</td>\n",
       "      <td>0.716122</td>\n",
       "      <td>0.533146</td>\n",
       "      <td>0.562345</td>\n",
       "      <td>...</td>\n",
       "      <td>0.439960</td>\n",
       "      <td>1.000000</td>\n",
       "      <td>0.295499</td>\n",
       "      <td>0.256409</td>\n",
       "      <td>0.339323</td>\n",
       "      <td>0.536959</td>\n",
       "      <td>0.423690</td>\n",
       "      <td>0.535777</td>\n",
       "      <td>0.489606</td>\n",
       "      <td>0.659600</td>\n",
       "    </tr>\n",
       "    <tr>\n",
       "      <th>TotRmsAbvGrd</th>\n",
       "      <td>0.253413</td>\n",
       "      <td>0.282979</td>\n",
       "      <td>0.423438</td>\n",
       "      <td>0.246057</td>\n",
       "      <td>0.217923</td>\n",
       "      <td>0.194912</td>\n",
       "      <td>0.280041</td>\n",
       "      <td>0.308004</td>\n",
       "      <td>0.180213</td>\n",
       "      <td>0.238832</td>\n",
       "      <td>...</td>\n",
       "      <td>0.522919</td>\n",
       "      <td>0.295499</td>\n",
       "      <td>1.000000</td>\n",
       "      <td>0.319088</td>\n",
       "      <td>0.203209</td>\n",
       "      <td>0.213629</td>\n",
       "      <td>0.224545</td>\n",
       "      <td>0.399737</td>\n",
       "      <td>0.331666</td>\n",
       "      <td>0.537672</td>\n",
       "    </tr>\n",
       "    <tr>\n",
       "      <th>Fireplaces</th>\n",
       "      <td>0.283353</td>\n",
       "      <td>0.315569</td>\n",
       "      <td>0.396765</td>\n",
       "      <td>0.214032</td>\n",
       "      <td>0.162493</td>\n",
       "      <td>0.199416</td>\n",
       "      <td>0.247906</td>\n",
       "      <td>0.249335</td>\n",
       "      <td>0.113338</td>\n",
       "      <td>0.227714</td>\n",
       "      <td>...</td>\n",
       "      <td>0.244451</td>\n",
       "      <td>0.256409</td>\n",
       "      <td>0.319088</td>\n",
       "      <td>1.000000</td>\n",
       "      <td>0.289770</td>\n",
       "      <td>0.127751</td>\n",
       "      <td>0.269653</td>\n",
       "      <td>0.300840</td>\n",
       "      <td>0.269141</td>\n",
       "      <td>0.466929</td>\n",
       "    </tr>\n",
       "    <tr>\n",
       "      <th>GarageType</th>\n",
       "      <td>0.510706</td>\n",
       "      <td>0.456575</td>\n",
       "      <td>0.420713</td>\n",
       "      <td>0.519992</td>\n",
       "      <td>0.387933</td>\n",
       "      <td>0.315218</td>\n",
       "      <td>0.221484</td>\n",
       "      <td>0.378696</td>\n",
       "      <td>0.401139</td>\n",
       "      <td>0.424760</td>\n",
       "      <td>...</td>\n",
       "      <td>0.364099</td>\n",
       "      <td>0.339323</td>\n",
       "      <td>0.203209</td>\n",
       "      <td>0.289770</td>\n",
       "      <td>1.000000</td>\n",
       "      <td>0.387758</td>\n",
       "      <td>0.568232</td>\n",
       "      <td>0.264771</td>\n",
       "      <td>0.209133</td>\n",
       "      <td>0.430770</td>\n",
       "    </tr>\n",
       "    <tr>\n",
       "      <th>GarageYrBlt</th>\n",
       "      <td>0.408647</td>\n",
       "      <td>0.579489</td>\n",
       "      <td>0.574261</td>\n",
       "      <td>0.768672</td>\n",
       "      <td>0.617250</td>\n",
       "      <td>0.343755</td>\n",
       "      <td>0.229848</td>\n",
       "      <td>0.590883</td>\n",
       "      <td>0.644742</td>\n",
       "      <td>0.642954</td>\n",
       "      <td>...</td>\n",
       "      <td>0.497623</td>\n",
       "      <td>0.536959</td>\n",
       "      <td>0.213629</td>\n",
       "      <td>0.127751</td>\n",
       "      <td>0.387758</td>\n",
       "      <td>1.000000</td>\n",
       "      <td>0.500379</td>\n",
       "      <td>0.485292</td>\n",
       "      <td>0.462037</td>\n",
       "      <td>0.535419</td>\n",
       "    </tr>\n",
       "    <tr>\n",
       "      <th>GarageFinish</th>\n",
       "      <td>0.438262</td>\n",
       "      <td>0.466576</td>\n",
       "      <td>0.491404</td>\n",
       "      <td>0.554784</td>\n",
       "      <td>0.446760</td>\n",
       "      <td>0.323321</td>\n",
       "      <td>0.251678</td>\n",
       "      <td>0.482143</td>\n",
       "      <td>0.487728</td>\n",
       "      <td>0.525068</td>\n",
       "      <td>...</td>\n",
       "      <td>0.420880</td>\n",
       "      <td>0.423690</td>\n",
       "      <td>0.224545</td>\n",
       "      <td>0.269653</td>\n",
       "      <td>0.568232</td>\n",
       "      <td>0.500379</td>\n",
       "      <td>1.000000</td>\n",
       "      <td>0.365879</td>\n",
       "      <td>0.301241</td>\n",
       "      <td>0.496031</td>\n",
       "    </tr>\n",
       "    <tr>\n",
       "      <th>GarageCars</th>\n",
       "      <td>0.397369</td>\n",
       "      <td>0.585252</td>\n",
       "      <td>0.628715</td>\n",
       "      <td>0.570728</td>\n",
       "      <td>0.433995</td>\n",
       "      <td>0.429343</td>\n",
       "      <td>0.404375</td>\n",
       "      <td>0.557218</td>\n",
       "      <td>0.458128</td>\n",
       "      <td>0.545306</td>\n",
       "      <td>...</td>\n",
       "      <td>0.476583</td>\n",
       "      <td>0.535777</td>\n",
       "      <td>0.399737</td>\n",
       "      <td>0.300840</td>\n",
       "      <td>0.264771</td>\n",
       "      <td>0.485292</td>\n",
       "      <td>0.365879</td>\n",
       "      <td>1.000000</td>\n",
       "      <td>0.865866</td>\n",
       "      <td>0.692360</td>\n",
       "    </tr>\n",
       "    <tr>\n",
       "      <th>GarageArea</th>\n",
       "      <td>0.387789</td>\n",
       "      <td>0.529629</td>\n",
       "      <td>0.562022</td>\n",
       "      <td>0.523139</td>\n",
       "      <td>0.390554</td>\n",
       "      <td>0.380290</td>\n",
       "      <td>0.372567</td>\n",
       "      <td>0.495778</td>\n",
       "      <td>0.398155</td>\n",
       "      <td>0.458693</td>\n",
       "      <td>...</td>\n",
       "      <td>0.416933</td>\n",
       "      <td>0.489606</td>\n",
       "      <td>0.331666</td>\n",
       "      <td>0.269141</td>\n",
       "      <td>0.209133</td>\n",
       "      <td>0.462037</td>\n",
       "      <td>0.301241</td>\n",
       "      <td>0.865866</td>\n",
       "      <td>1.000000</td>\n",
       "      <td>0.623431</td>\n",
       "    </tr>\n",
       "    <tr>\n",
       "      <th>SalePrice</th>\n",
       "      <td>0.476982</td>\n",
       "      <td>0.696882</td>\n",
       "      <td>0.790982</td>\n",
       "      <td>0.619545</td>\n",
       "      <td>0.535370</td>\n",
       "      <td>0.426997</td>\n",
       "      <td>0.475241</td>\n",
       "      <td>0.682639</td>\n",
       "      <td>0.505503</td>\n",
       "      <td>0.635361</td>\n",
       "      <td>...</td>\n",
       "      <td>0.553851</td>\n",
       "      <td>0.659600</td>\n",
       "      <td>0.537672</td>\n",
       "      <td>0.466929</td>\n",
       "      <td>0.430770</td>\n",
       "      <td>0.535419</td>\n",
       "      <td>0.496031</td>\n",
       "      <td>0.692360</td>\n",
       "      <td>0.623431</td>\n",
       "      <td>1.000000</td>\n",
       "    </tr>\n",
       "  </tbody>\n",
       "</table>\n",
       "<p>24 rows × 24 columns</p>\n",
       "</div>"
      ],
      "text/plain": [
       "              MSSubClass  Neighborhood  OverallQual  YearBuilt  YearRemodAdd  \\\n",
       "MSSubClass      1.000000      0.532233     0.471136   0.572252      0.415910   \n",
       "Neighborhood    0.532233      1.000000     0.667647   0.683095      0.521638   \n",
       "OverallQual     0.471136      0.667647     1.000000   0.665203      0.552825   \n",
       "YearBuilt       0.572252      0.683095     0.665203   1.000000      0.652419   \n",
       "YearRemodAdd    0.415910      0.521638     0.552825   0.652419      1.000000   \n",
       "MasVnrType      0.246813      0.400196     0.449358   0.420443      0.310870   \n",
       "MasVnrArea      0.212010      0.368029     0.410238   0.298983      0.193044   \n",
       "ExterQual       0.393934      0.631870     0.726278   0.638206      0.570870   \n",
       "Foundation      0.445768      0.576118     0.568969   0.699337      0.551916   \n",
       "BsmtQual        0.423389      0.629227     0.644946   0.707715      0.545541   \n",
       "TotalBsmtSF     0.291599      0.456092     0.537808   0.434021      0.328112   \n",
       "HeatingQC       0.305789      0.420371     0.457083   0.479935      0.519679   \n",
       "1stFlrSF        0.237884      0.405290     0.476224   0.349924      0.295100   \n",
       "GrLivArea       0.347673      0.411751     0.593007   0.369635      0.325158   \n",
       "FullBath        0.329673      0.513701     0.552153   0.555510      0.452501   \n",
       "KitchenQual     0.391700      0.566358     0.673331   0.575836      0.611669   \n",
       "TotRmsAbvGrd    0.253413      0.282979     0.423438   0.246057      0.217923   \n",
       "Fireplaces      0.283353      0.315569     0.396765   0.214032      0.162493   \n",
       "GarageType      0.510706      0.456575     0.420713   0.519992      0.387933   \n",
       "GarageYrBlt     0.408647      0.579489     0.574261   0.768672      0.617250   \n",
       "GarageFinish    0.438262      0.466576     0.491404   0.554784      0.446760   \n",
       "GarageCars      0.397369      0.585252     0.628715   0.570728      0.433995   \n",
       "GarageArea      0.387789      0.529629     0.562022   0.523139      0.390554   \n",
       "SalePrice       0.476982      0.696882     0.790982   0.619545      0.535370   \n",
       "\n",
       "              MasVnrType  MasVnrArea  ExterQual  Foundation  BsmtQual  \\\n",
       "MSSubClass      0.246813    0.212010   0.393934    0.445768  0.423389   \n",
       "Neighborhood    0.400196    0.368029   0.631870    0.576118  0.629227   \n",
       "OverallQual     0.449358    0.410238   0.726278    0.568969  0.644946   \n",
       "YearBuilt       0.420443    0.298983   0.638206    0.699337  0.707715   \n",
       "YearRemodAdd    0.310870    0.193044   0.570870    0.551916  0.545541   \n",
       "MasVnrType      1.000000    0.579165   0.415825    0.310319  0.393052   \n",
       "MasVnrArea      0.579165    1.000000   0.349637    0.209916  0.314065   \n",
       "ExterQual       0.415825    0.349637   1.000000    0.597832  0.638241   \n",
       "Foundation      0.310319    0.209916   0.597832    1.000000  0.621976   \n",
       "BsmtQual        0.393052    0.314065   0.638241    0.621976  1.000000   \n",
       "TotalBsmtSF     0.374961    0.362452   0.470580    0.357950  0.410438   \n",
       "HeatingQC       0.245128    0.159256   0.520027    0.519447  0.410107   \n",
       "1stFlrSF        0.343786    0.342160   0.397835    0.208966  0.362984   \n",
       "GrLivArea       0.248026    0.389893   0.435986    0.282314  0.369656   \n",
       "FullBath        0.305025    0.266274   0.497192    0.462312  0.523471   \n",
       "KitchenQual     0.362377    0.285190   0.716122    0.533146  0.562345   \n",
       "TotRmsAbvGrd    0.194912    0.280041   0.308004    0.180213  0.238832   \n",
       "Fireplaces      0.199416    0.247906   0.249335    0.113338  0.227714   \n",
       "GarageType      0.315218    0.221484   0.378696    0.401139  0.424760   \n",
       "GarageYrBlt     0.343755    0.229848   0.590883    0.644742  0.642954   \n",
       "GarageFinish    0.323321    0.251678   0.482143    0.487728  0.525068   \n",
       "GarageCars      0.429343    0.404375   0.557218    0.458128  0.545306   \n",
       "GarageArea      0.380290    0.372567   0.495778    0.398155  0.458693   \n",
       "SalePrice       0.426997    0.475241   0.682639    0.505503  0.635361   \n",
       "\n",
       "                ...      FullBath  KitchenQual  TotRmsAbvGrd  Fireplaces  \\\n",
       "MSSubClass      ...      0.329673     0.391700      0.253413    0.283353   \n",
       "Neighborhood    ...      0.513701     0.566358      0.282979    0.315569   \n",
       "OverallQual     ...      0.552153     0.673331      0.423438    0.396765   \n",
       "YearBuilt       ...      0.555510     0.575836      0.246057    0.214032   \n",
       "YearRemodAdd    ...      0.452501     0.611669      0.217923    0.162493   \n",
       "MasVnrType      ...      0.305025     0.362377      0.194912    0.199416   \n",
       "MasVnrArea      ...      0.266274     0.285190      0.280041    0.247906   \n",
       "ExterQual       ...      0.497192     0.716122      0.308004    0.249335   \n",
       "Foundation      ...      0.462312     0.533146      0.180213    0.113338   \n",
       "BsmtQual        ...      0.523471     0.562345      0.238832    0.227714   \n",
       "TotalBsmtSF     ...      0.328368     0.432630      0.265278    0.339519   \n",
       "HeatingQC       ...      0.342358     0.504228      0.159916    0.129689   \n",
       "1stFlrSF        ...      0.383710     0.387027      0.392750    0.410531   \n",
       "GrLivArea       ...      0.613537     0.420563      0.809778    0.461679   \n",
       "FullBath        ...      1.000000     0.439960      0.522919    0.244451   \n",
       "KitchenQual     ...      0.439960     1.000000      0.295499    0.256409   \n",
       "TotRmsAbvGrd    ...      0.522919     0.295499      1.000000    0.319088   \n",
       "Fireplaces      ...      0.244451     0.256409      0.319088    1.000000   \n",
       "GarageType      ...      0.364099     0.339323      0.203209    0.289770   \n",
       "GarageYrBlt     ...      0.497623     0.536959      0.213629    0.127751   \n",
       "GarageFinish    ...      0.420880     0.423690      0.224545    0.269653   \n",
       "GarageCars      ...      0.476583     0.535777      0.399737    0.300840   \n",
       "GarageArea      ...      0.416933     0.489606      0.331666    0.269141   \n",
       "SalePrice       ...      0.553851     0.659600      0.537672    0.466929   \n",
       "\n",
       "              GarageType  GarageYrBlt  GarageFinish  GarageCars  GarageArea  \\\n",
       "MSSubClass      0.510706     0.408647      0.438262    0.397369    0.387789   \n",
       "Neighborhood    0.456575     0.579489      0.466576    0.585252    0.529629   \n",
       "OverallQual     0.420713     0.574261      0.491404    0.628715    0.562022   \n",
       "YearBuilt       0.519992     0.768672      0.554784    0.570728    0.523139   \n",
       "YearRemodAdd    0.387933     0.617250      0.446760    0.433995    0.390554   \n",
       "MasVnrType      0.315218     0.343755      0.323321    0.429343    0.380290   \n",
       "MasVnrArea      0.221484     0.229848      0.251678    0.404375    0.372567   \n",
       "ExterQual       0.378696     0.590883      0.482143    0.557218    0.495778   \n",
       "Foundation      0.401139     0.644742      0.487728    0.458128    0.398155   \n",
       "BsmtQual        0.424760     0.642954      0.525068    0.545306    0.458693   \n",
       "TotalBsmtSF     0.323174     0.337550      0.335570    0.471133    0.486665   \n",
       "HeatingQC       0.276766     0.476886      0.376344    0.337794    0.295462   \n",
       "1stFlrSF        0.305210     0.251468      0.296095    0.464177    0.489782   \n",
       "GrLivArea       0.292680     0.310591      0.319453    0.490960    0.468997   \n",
       "FullBath        0.364099     0.497623      0.420880    0.476583    0.416933   \n",
       "KitchenQual     0.339323     0.536959      0.423690    0.535777    0.489606   \n",
       "TotRmsAbvGrd    0.203209     0.213629      0.224545    0.399737    0.331666   \n",
       "Fireplaces      0.289770     0.127751      0.269653    0.300840    0.269141   \n",
       "GarageType      1.000000     0.387758      0.568232    0.264771    0.209133   \n",
       "GarageYrBlt     0.387758     1.000000      0.500379    0.485292    0.462037   \n",
       "GarageFinish    0.568232     0.500379      1.000000    0.365879    0.301241   \n",
       "GarageCars      0.264771     0.485292      0.365879    1.000000    0.865866   \n",
       "GarageArea      0.209133     0.462037      0.301241    0.865866    1.000000   \n",
       "SalePrice       0.430770     0.535419      0.496031    0.692360    0.623431   \n",
       "\n",
       "              SalePrice  \n",
       "MSSubClass     0.476982  \n",
       "Neighborhood   0.696882  \n",
       "OverallQual    0.790982  \n",
       "YearBuilt      0.619545  \n",
       "YearRemodAdd   0.535370  \n",
       "MasVnrType     0.426997  \n",
       "MasVnrArea     0.475241  \n",
       "ExterQual      0.682639  \n",
       "Foundation     0.505503  \n",
       "BsmtQual       0.635361  \n",
       "TotalBsmtSF    0.613581  \n",
       "HeatingQC      0.427649  \n",
       "1stFlrSF       0.605852  \n",
       "GrLivArea      0.708624  \n",
       "FullBath       0.553851  \n",
       "KitchenQual    0.659600  \n",
       "TotRmsAbvGrd   0.537672  \n",
       "Fireplaces     0.466929  \n",
       "GarageType     0.430770  \n",
       "GarageYrBlt    0.535419  \n",
       "GarageFinish   0.496031  \n",
       "GarageCars     0.692360  \n",
       "GarageArea     0.623431  \n",
       "SalePrice      1.000000  \n",
       "\n",
       "[24 rows x 24 columns]"
      ]
     },
     "execution_count": 26,
     "metadata": {},
     "output_type": "execute_result"
    }
   ],
   "source": [
    "import pandas as pd\n",
    "house = pd.read_csv(\"train.csv\")\n",
    "house.corr()\n"
   ]
  },
  {
   "cell_type": "code",
   "execution_count": 27,
   "metadata": {},
   "outputs": [
    {
     "data": {
